33
5.70752 12.9926
7.12257 7.90292
12.667 7.17681
13.702 9.29824
18.8161 14.1183
19.9464 13.0642
19.239 9.38598
18.2006 4.94299
18.8034 3.14975
24.2752 1.79679
25.6288 0.878347
25.3528 -0.741634
18.0498 -0.43454
18.4495 -3.50735
25.0179 -3.65427
24.9985 -5.91439
22.7359 -7.15231
9.04496 -7.45503
4.69572 -3.56704
-10.174 -1.60381
-9.12432 -15.467
-15.0327 -4.85044
-14.6992 -1.90567
-28.7213 1.61889
-28.5312 4.67726
-13.761 0.832781
-4.76467 4.59891
-0.857974 5.86794
2.91187 6.52112
-0.591784 17.2018
0.414608 18.7387
2.2034 17.7432
5.55604 13.0691
27
25.8653 -2.37546
24.1587 -3.03077
17.7535 -0.840849
-3.92697 7.41647
15.2688 -3.83637
-3.53896 -4.43292
14.2763 -8.11192
-6.14224 -12.238
21.7849 -10.5906
23.7946 -12.095
25.7413 -12.9605
27.5763 -13.1965
29.6502 -13.3737
31.249 -12.8026
33.2604 -11.0258
39.7918 -12.9492
41.0086 -8.58303
34.0411 -9.02233
33.944 -6.68402
33.5979 -5.61469
32.9353 -4.68144
32.2849 -3.81393
31.0236 -3.15148
29.7194 -2.74537
28.5527 -2.32277
27.2457 -1.96076
25.7822 -2.32336
140
1.38896 -2.63996
0.290128 -1.4594
0.493796 -0.351969
1.68721 -0.324901
2.52971 -1.07234
3.40383 -2.4922
4.91286 -2.4527
5.92515 -1.74686
6.22347 -0.819319
5.66208 0.124973
3.37485 1.61394
2.23186 2.61764
2.23953 3.63836
3.09345 4.93577
3.03197 5.56066
2.13861 5.44212
0.245509 2.74905
-0.553396 2.16043
-1.04592 2.55853
0.28033 4.55562
0.148258 5.08221
-1.13708 4.60456
-2.53357 2.47853
-3.05897 2.12553
-3.92963 2.08008
-9.23881 2.45116
-15.6438 6.64851
-21.4657 8.98187
-24.2115 9.47861
-28.465 7.80772
-31.5598 7.14917
-30.6232 8.16489
-19.6539 16.7374
-16.606 19.7626
-10.1254 26.0249
-9.38266 27.1594
-10.4717 27.4808
-21.7761 17.1553
-32.9095 8.65204
-35.4612 6.1703
-35.6874 5.13801
-33.2933 4.2792
-33.6498 3.78091
-34.5962 2.97226
-41.1402 0.348285
-50.4665 -3.64102
-57.0217 -6.36707
-64.7696 -9.66688
-65.2001 -11.181
-33.4989 1.67401
-29.3341 3.29792
-29.0249 1.87143
-41.9745 -14.7755
-44.9212 -15.0012
-45.0122 -15.6484
-44.1528 -16.1401
-45.1272 -17.0388
-51.2117 -18.8184
-51.7421 -19.5588
-51.0865 -19.9765
-46.4537 -18.0758
-45.9781 -18.4376
-51.5319 -21.369
-50.9664 -21.7588
-45.4238 -19.1535
-44.8924 -19.3352
-49.5241 -22.1582
-49.4584 -22.8862
-41.6648 -18.1174
-29.5729 -2.04873
-26.9112 1.45115
-25.7216 1.16374
-26.3856 -0.324841
-38.9327 -16.8779
-44.4618 -21.0015
-45.5324 -21.5741
-44.7309 -21.8398
-41.5664 -19.5818
-41.1188 -20.0336
-42.1927 -21.8885
-41.0931 -22.1479
-39.5771 -19.4768
-38.7661 -18.7583
-38.0764 -19.384
-39.3521 -21.571
-38.4325 -21.7746
-37.46 -20.2178
-36.568 -17.6491
-23.9109 -0.0779185
-22.7739 0.736781
-21.5564 0.539399
-22.9438 -2.00771
-21.8784 -2.05916
-18.4501 0.41301
-18.0522 -0.516916
-31.2053 -20.9287
-35.0794 -22.9012
-35.5757 -23.8496
-32.1847 -22.4516
-35.078 -25.7156
-35.4501 -26.9
-33.6611 -25.8929
-32.6606 -24.2462
-31.9212 -24.3938
-32.2653 -25.4882
-32.9137 -26.2907
-31.5284 -25.9479
-30.7298 -24.6333
-29.7695 -22.4805
-16.0066 -0.712256
-14.5934 -0.279451
-13.7918 -0.545071
-26.7961 -22.385
-28.4565 -23.2681
-28.5429 -23.8502
-28.1295 -24.094
-29.5075 -25.657
-29.7739 -26.1833
-29.0965 -26.2129
-28.1117 -25.2523
-27.195 -23.8756
-26.7195 -24.2375
-27.6815 -25.7322
-27.4078 -26.4262
-25.1934 -24.3667
-20.8775 -24.4404
-20.1006 -23.5139
-20.5097 -22.91
-24.0948 -22.9981
-24.0723 -21.6399
-11.0049 -0.840141
-10.3337 -0.571767
-9.08818 -0.679121
-4.04594 -1.27444
-3.39034 -1.69216
-2.28461 -2.24965
-1.79673 -3.20753
-0.144677 -4.23077
1.0667 -4.13012
1.41523 -2.67578
3
144.976 -59.5811
-55.0388 -28.6923
144.99 -7.1143
26
13.6752 -1.92595
13.6662 -2.18673
13.737 -2.41509
13.8759 -2.58721
14.14 -2.69238
14.4079 -2.60121
14.5808 -2.32049
14.5859 -1.95883
14.3851 -1.65957
14.0925 -1.44864
13.5741 -1.24864
13.0353 -1.44815
12.6419 -1.96071
12.5991 -2.6318
12.9494 -3.24726
13.8438 -3.46979
14.551 -3.34378
14.9462 -2.75833
15.0419 -2.01856
14.554 -1.09886
13.8089 -0.586208
12.7701 -0.501034
11.5462 -0.535154
10.0963 -0.69168
8.14749 -0.94619
6.4614 -1.16586
9
15.9019 92.1882
-58.2729 62.4144
20.6884 63.2381
19.1379 73.3706
31.7026 72.2616
30.4248 85.3464
18.4645 78.7347
15.4261 91.9486
19.5692 70.0343
